image: /home/unitree/tang/map/zhanting.pgm
resolution: 0.050000
origin: [-14.150000, -27.050000, 0.000000]
negate: 0
occupied_thresh: 0.65
free_thresh: 0.196

