image: /home/unitree/tang/map/mymap1.pgm
resolution: 0.050000
origin: [-18.750000, -9.500000, 0.000000]
negate: 0
occupied_thresh: 0.65
free_thresh: 0.196

